     6    6   6 6       6
6                      666
  0000000000   000000000000000   0000000000000
  0        0   0             0   0           0
6 0        0 6 0             0 6 0           0   
  0        0 6 0             0 6 0           0 
  0        0   0             0   0           0
  0        0   0             0   0           0 6
  0        0   0             0   0           0 6
  0000000000 6 000000000000000   0000000000000
6           666                 66       66
   66                 666                66