                                            
  11             11                        
        66                   
      6666666
    66666666666661                              666
 6666666666666666G                              66666
 66666666666666666666    111                 6666666
 6666666666666666666666   111             6666666666666
   6666666666666666666666               66666666666666666
         66666666666666666          666666666666666666
    11   1      666666666666666666666666666
                66666666666666666666666666
              11   2222666666666662222222
            11 1    222222622222222266622222   1
          11   22222222222222222222222222222    1 
                 22222222222222222266222222    111
                   22222222222222222222222222
             2222222222222222222222222
             22222222222222222222222222
          22222222222222222222222222222222222222
11   22222222222222222222222222222222222222222222222
     22222222222222222222266666666622222222222222222
    22222222222222222266666666666666666662222222222222 1111
  222222222222222226666666666666666666666666622222222111111111
 22222222222222226666666           66666666622222222222222222222222
 2222222222222222266666       11       666666622222222222222
     222222222222266666     111        666666662222222222222222
       2222222222266666            666666662222222222222
            222222266666         6666662222222222222
    111 1     22222222666      66666222222222222  1
      1111111   2222222266666666622222222222
           11        222222222222222222       1
                        2222222222